3 13

  -0.5 0.3 -0.7 -0.1 -0.4 0.7 -0.5 0.4 0.5 0.4 0.6 -0.3 0.9
 -0.6  0.5  0.7 -0.85 -0.88 0.7  -0.9  0.8  0.6 -0.66  0.7 -0.77 -0.59
0.67 0.74 -0.58 -0.95 0.69 0.73 -0.51 -0.75 0.53 0.46 -0.88 0.66 0.63


  -1     1   -1    -1    -1   1    -1    1    1    1   1    -1   1
-0.5   0.5 -0.8  -0.9 -0.95 0.7    -1 0.85 0.80  0.9 0.9  -0.8 0.6
-0.75  0.8 -0.9 -0.67  -0.8 0.5 -0.85 0.65 0.95  0.6 0.5  -0.7 0.6
-0.55 0.66 -0.7  -0.8 -0.65 0.9  -0.5 0.75  0.7 0.55 0.5 -0.95 0.8

   -1    1    1    -1    -1   1    -1    1    1    -1    1    -1    -1
 -0.9  0.8 0.75 -0.95 -0.55   1 -0.85 0.85  0.9 -0.75  0.8  -0.7 -0.65
 -0.6  0.5  0.7 -0.85 -0.88 0.7  -0.9  0.8  0.6 -0.66  0.7 -0.77 -0.59
-0.78 0.95 0.55 -0.88 -0.74 0.6 -0.56 0.99 0.54 -0.89 0.98 -0.94 -0.83

    1    -1    -1    1    -1    -1	  -1	-1	  -1	-1   -1    -1    1
  0.9 -0.85  -0.8  0.7  -0.9  -0.7 -0.77 -0.93 -0.84 -0.76 -0.9 -0.77  0.6
  0.8 -0.59 -0.74 0.69 -0.85 -0.65 -0.84 -0.87 -0.77 -0.73 -0.7 -0.65 0.69
 0.84 -0.88 -0.69 0.72 -0.76 -0.66 -0.74 -0.84 -0.82 -0.71 -0.5 -0.93 0.79
 
   1    1    -1    -1    1    1    -1    -1    1    1    -1    1    1
0.98 0.93  -0.7 -0.74 0.84 0.94 -0.85 -0.78 0.73 0.82 -0.74 0.54 0.91
0.88 0.78 -0.65 -0.77 0.83 0.72  -0.6  -0.9 0.69 0.55 -0.99 0.79 0.83
0.67 0.84 -0.68 -0.85 0.89 0.83 -0.71 -0.85 0.73 0.76 -0.88 0.66 0.63

  -1    -1    -1    -1    -1    -1    1    1    1    1    1    -1    -1
-0.8  -0.8 -0.75 -0.77 -0.65 -0.66 0.95 0.73 0.73 0.54 0.69 -0.78 -0.75
-0.7 -0.78 -0.82 -0.77 -0.89 -0.54 0.76 0.88 0.79 0.84 0.94 -0.56 -0.77
-0.6 -0.89 -0.68 -0.78 -0.98 -0.98 0.93 0.67 0.72 0.67 0.77 -0.93 -0.45
 
   1    1    1    1    -1    -1    -1    1    -1    1    1    -1    -1 
0.58 0.77 0.94 0.65 -0.65 -0.66 -0.97 0.94 -0.66 0.76 0.65 -0.54 -0.65
0.78 0.66 0.82 0.69 -0.59 -0.73 -0.77 0.82 -0.94 0.65 0.78 -0.58 -0.62
0.61 0.57 0.89 0.89 -0.77 -0.78 -0.69 0.66 -0.75 0.70 0.65 -0.55 -0.99

   -1    -1    -1    -1    -1    -1    -1    -1    -1    -1    -1    -1    1
-0.50 -0.51 -0.52 -0.53 -0.54 -0.55 -0.56 -0.57 -0.58 -0.59 -0.60 -0.61 0.62
-0.99 -0.98 -0.97 -0.96 -0.95 -0.94 -0.93 -0.92 -0.91 -0.90 -0.89 -0.88 0.87
-0.67 -0.65 -0.82 -0.77 -0.79 -0.75 -0.65 -0.79 -0.83 -0.71 -0.56 -0.66 0.77
