28 7

0.8322	-1.0	-1.0	-1.0	-1.0	-1.0	-1.0	
0.7126235169817601	-0.9836473515648	-0.99999748	-0.9998558160832001	-1.0	-0.9958127747200001	-0.99994456	
0.6843884802688001	-0.9676703808320001	-0.99996766	-0.9950000807680001	-0.98856897424	-0.9996090863999999	-0.9995492	
0.688432059686944	-0.9475724295704802	-0.9999401004999999	-0.99806992213987	-0.993958841206	-0.998751671578	-0.9992612395	

-1.0	0.8322278399999999	-1.0	-1.0	-1.0	-1.0	-1.0	
-1	0.7723895446144001	-0.9999999999999999	-0.9998336908000001	-1.0	-1.0	-1.0	
-1	0.6767770283941889	-0.999755488	-0.9996836886323202	-0.9915400253439999	-0.9736154168320001	-0.9954357759999999	
-1	0.7468562360578388	-0.9999999427774721	-0.999999888500042	-0.9982235174351737	-0.9920174188067159	-0.9999974943468799	

-1.0	-1.0	0.8322278399999999	-1.0	-1.0	-1.0	-1.0	
-0.9999959357439999	-0.9999986065408002	0.7456011739792541	-0.9999289831925924	-0.9999901046978559	-0.9996389020020737	-0.9408469469048013	
-0.9999182626026217	-0.9999754283433375	0.7141817627015736	-0.9992743231883433	-0.9999686362079647	-0.9980033105714196	-0.8812290317567727	
-0.9999823218334106	-0.999996086388087	0.7440394640133752	-0.9999473061738923	-0.9999728033826458	-0.9993618122119319	-0.9100587587582393	

-1.0	-1.0	-1.0	1.0	-1.0	-1.0	-1.0	
-0.9992805730626422	-0.9999974587200652	-0.9999936167300352	0.9626163916337129	-0.9999999755064832	-0.9999883064029914	-0.9999995894475195	
-0.9991655561619326	-0.9999827374455176	-0.9998858334568167	0.9552923737767107	-0.9999977332463285	-0.9999721776992024	-0.9999493493597233	
-0.9962520509227747	-0.999917895727734	-0.9999852278374474	0.9698586342302222	-0.99999286683083	-0.999953480437081	-0.9999713414835835	

-1.0	-1.0	-1.0	-1.0	1.0	-1.0	-1.0	
-0.9934688724716131	-0.9993221302655554	-0.9999686036395848	-0.9999814724930988	0.9828273956835597	-0.9997791757137251	-0.9992082656938818	
-0.9476795139216905	-0.9987099058227262	-0.9999948686728904	-0.9999917277395829	0.9271657499690784	-0.9989174365936463	-0.9999152215521036	
-0.9997071827309407	-0.9999727323601298	-0.999939134537089	-0.999999492202233	0.977890012848443	-0.9995101965681191	-0.9992253486538593	

-1.0	-1.0	-1.0	-1.0	-1.0	0.865782272	-1.0	
-0.9709539758627184	-0.9928111090260228	-0.9981267580961551	-0.999324288918173	-0.999396275038344	0.7615438683282656	-0.9997816422749826	
-0.9981608164594162	-0.9993369173677576	-0.9915599833818828	-0.9997850642786333	-0.9994424083601621	0.7752717904618942	-0.9995624501087353	
-0.9962585116714792	-0.9988401386181585	-0.9730269229171096	-0.9994420943775013	-0.9975900113012445	0.7551102125641979	-0.9991245131277401	

-1.0	-1.0	-1.0	-1.0	-1.0	-1.0	0.7902848	
-0.9798131203948002	-0.991067240067904	-0.5945451283324594	-0.9894804744918997	-0.9833415291097696	-0.9902404362770558	0.5647211846267887	
-0.999998784825472	-0.9999999523659865	-0.9991323376330581	-0.9999999821655388	-0.999988847343477	-0.9999999912376921	0.7632860740226933	
-0.99881452300555	-0.9998325227701991	-0.8503045570786776	-0.9993752024414262	-0.9987718499428554	-0.999609522504823	0.6735686482940412	
