25 9
-0.5113642939999999	0.6222834256600001	-0.98210485	-0.85430458	-0.9521021500000002	-0.9704341	-0.9881244999999999	-0.9548731000000001	-0.6924384339999999	
-0.8002561375	-0.5405891162500001	-0.818648090625	-0.9775793875	-0.99297634375	-0.9248738125	-0.98239248125	-0.9898088125	0.5971204554625	
0.6156970480000001	-0.6329768	-0.9916	-0.859816	-0.815596	-0.90088	-0.9854800000000001	-0.8286640000000001	-0.968216	
-0.9986112549999998	-0.9986112549999998	-0.99985015	-0.8721799102	0.6969258389720001	-0.9775434789999998	-0.81770612824	-0.76854485944	-0.999085105	
-0.9568240524999999	-0.9930361374999999	-0.996196375	-0.9787396150000001	0.64841491531	-0.9877197249999999	-0.3789404602	-0.5442939022	-0.9917735124999998	
-0.9974575000000001	-0.9842365	0.70176830215	-0.9977950000000001	-0.9963774999999999	-0.8653905100000001	-0.989313625	-0.989857	-0.9534976750000002	
-0.9954718749999999	-0.9778121874999999	0.6838441691875001	-0.9975718750000001	-0.9942906250000001	-0.8722623374999999	-0.9852190624999999	-0.985916875	-0.94255821875	
-0.998066344	-0.998066344	-0.9998698	0.7431075820863999	-0.9712305615999999	-0.995620072	-0.9712305615999999	-0.8439025955199999	-0.9980663439999999	
-0.9810634600000001	-0.9810634600000001	-0.99473005	0.600636368584	-0.9375932079999999	-0.9525376270000003	-0.7869253816	-0.7985152144000001	-0.9353452419999999	
-0.9747058937499999	-0.9747058937499999	-0.9997046875	0.64296669785	-0.8323742462499999	-0.9823752437499998	-0.9657906625	-0.8426370475	-0.9948379374999999	
-0.9971272	-0.9971272	-0.8519762031999999	-0.984984832	-0.9956065600000001	0.6601667459584	-0.9822797919999999	-0.9532537984	-0.9884130400000001	
-0.9997831749999999	-0.9997831749999999	-0.9977632150000001	-0.9991629150000001	-0.999340705	0.7726529052280001	-0.99986545	-0.9964102060000002	-0.9999557500000001	
-0.9893278	-0.9893278	-0.9556139799999999	-0.9534093400000002	-0.9433937799999998	0.64817923224	-0.9859653999999999	-0.94666852	-0.997354	
-0.998121475	-0.9995342500000001	-0.9971123499999999	-0.9585973089999998	-0.8924983876	-0.9891045549999999	0.7240859038159999	-0.5158067159199999	-0.9971123499999999	
-0.987355648	-0.99322624	-0.968497408	-0.8654640947199999	-0.4523748640767999	-0.9445970943999998	0.60356680278016	-0.39616372244479997	-0.9194035455999998	
-0.9996577599999998	-0.9999448	-0.9991160799999999	-0.9765770944	-0.9434751116800001	-0.994908064	0.7559459486848	-0.504104901376	-0.9992989600000001	
-0.9986735979999999	-0.9986735979999999	-0.9992616579999999	-0.7739917104159999	-0.8261032353759998	-0.98933834152	-0.8433720958239999	0.69888330427456	-0.9986735979999999	
-0.99332074	-0.99332074	-0.9956643400000001	-0.68325914872	-0.87188913712	-0.8253141407200001	-0.8845204388800001	0.6363301953088001	-0.99332074	
-0.9979111300000001	-0.9995736999999998	-0.99828059	-0.9906043480000001	-0.9405241528000001	-0.9947699080000001	-0.8037550901600001	0.6965617198816	-0.99828059	
-0.9990403245	-0.999924435	-0.9999940499999999	-0.9996770340000001	-0.9333532096400001	-0.999592782	-0.9931922732	0.7606080476704	-0.99999405	
-0.9998795125000001	-0.9998795125000001	-0.9996696212500001	-0.9545511511	-0.9623640349000001	-0.9980903845	0.7398444860110001	-0.7583565812199999	-0.9989919212500001	
-0.9992006875000001	-0.9992006875000001	-0.9701997025	-0.9889584475000002	-0.9959152375000001	0.74292796282	-0.9959152375	-0.982360495	-0.9992006875000001	
-0.9761315254	0.7691071918539999	-0.999317665	-0.997577398	-0.999664615	-0.9993681099999999	-0.9999869499999999	-0.99968941	-0.9724695946	
-0.99979351328125	-0.9999753203125001	-0.9998151554687499	-0.98099496240625	-0.9515944982124999	-0.99856306421875	-0.57361972045125	0.7436420145382501	-0.99968656796875	
-0.9858944275	-0.9983140750000001	-0.9999482500000001	-0.9877816900000002	0.73360540116	-0.99938935	-0.8070753772000001	-0.6787467812000001	-0.9991769499999997	
